1111212122 11111111212111111112111 1111121211 111
’ 11111111111111111,111111111 111Ρ1111112112
1 11111111111211,111121121111111111111111112122,
112211121112111 11111112122111121111111122111121
111111112211111 1111112 ,11111111 11 1111122121112,Ι fid
2121121112111, 1111111 11111121121111211221111111
1112111121,11111121111121111 1111 21111112 11 111
111111111111121 22121222212111112111111 2111111112- ⁴

’ 1111,1112211111211121112111211111111111111111111( . -

211112111112111 1111121211 1111221211111 11111111-

11 11 11111111111 111112 211111 11 2112121112-
12111121112111121111111111111111111111
111111122111111111112111111111211111111221212121,’

211211111121111111 212111111122111 1111111111122,· 11

1211111121 211112111111111 11112111111211111 11111111 ‚
reddendi, 1111 122111111211111112122 1111111 21211

11111121111111211, 111112211111Ρ1112111111112111 ”
2111121112. Α1111111111,11111111111111, 11
1111111111 21211111, 111111111 21111111 11111
1111111111111ε112 11111111111111111 1121211111
ι 111111111 11111111 1111111111 1111111111 11111fil1'11l1'

ΑΞ ,1211111

 

